$ 1 0.000005 10.20027730826997 50 5 50 5e-11
R 288 480 224 480 1 2 100 2.5 2.5 0 0.5
193 400 288 464 288 0 0
193 640 288 704 288 0 0
193 912 288 992 288 0 0
L 160 336 96 336 0 0 false 5 0
L 160 448 96 448 0 0 false 5 0
x 19 342 81 345 4 24 Reset
x 9 458 83 461 4 24 Enable
w 352 464 400 464 0
w 400 464 400 320 0
w 400 464 592 464 0
w 640 464 640 320 0
w 912 464 912 320 0
w 208 336 240 336 0
w 240 336 288 336 0
152 352 288 400 288 0 2 5 5
w 288 336 288 304 0
w 288 304 320 304 0
I 320 304 352 304 0 0.5 5
w 496 288 496 224 0
w 496 224 336 224 0
w 336 224 336 272 0
w 336 272 352 272 0
150 544 144 592 144 0 3 0 5
150 528 272 576 272 0 2 0 5
w 496 288 512 288 0
w 736 288 736 224 0
w 512 224 512 256 0
w 512 256 528 256 0
w 288 304 288 192 0
w 288 192 288 160 0
w 288 128 448 128 0
152 592 256 640 256 0 2 0 5
w 576 272 592 272 0
w 640 256 640 288 0
w 496 224 496 176 0
w 512 144 544 144 0
I 464 128 496 128 0 0.5 5
w 496 128 528 128 0
w 528 128 544 128 0
w 288 128 288 160 0
w 496 176 496 144 0
w 496 144 512 144 0
w 528 224 528 208 0
w 512 224 528 224 0
I 528 208 528 176 0 0.5 5
w 528 176 528 160 0
w 528 160 544 160 0
w 528 224 736 224 0
w 592 144 592 240 0
w 512 144 512 96 0
w 512 96 736 96 0
w 528 128 528 112 0
w 528 112 704 112 0
150 752 144 800 144 0 3 0 5
w 736 96 736 128 0
w 736 128 752 128 0
w 704 112 704 144 0
w 704 144 752 144 0
w 736 224 736 160 0
w 736 160 752 160 0
150 848 144 896 144 0 2 0 5
w 1008 288 1008 192 0
w 1008 192 832 192 0
w 832 192 832 160 0
w 832 160 848 160 0
w 448 128 448 112 0
w 448 112 448 80 0
w 448 80 832 80 0
w 832 80 832 128 0
w 832 128 848 128 0
152 832 240 832 288 0 2 0 5
w 800 144 800 224 0
w 800 224 816 224 0
w 816 224 816 240 0
w 896 144 912 144 0
w 912 144 912 224 0
w 912 224 848 224 0
w 848 224 848 240 0
w 832 288 912 288 0
w 592 464 640 464 0
w 640 464 912 464 0
w 448 128 464 128 0
419 576 576 640 576 0 4
w 512 288 512 672 0
w 512 672 576 672 0
w 736 288 768 288 0
w 768 288 768 480 0
w 768 480 528 480 0
w 528 480 528 640 0
w 528 640 576 640 0
w 1008 288 1040 288 0
w 1040 288 1040 496 0
w 1040 496 544 496 0
w 544 496 544 608 0
w 544 608 576 608 0
w 160 448 272 448 0
w 272 448 288 448 0
150 288 464 320 464 0 2 0 5
w 320 464 352 464 0
w 512 288 528 288 0
w 160 336 208 336 0
