$ 1 0.000005 3.3115451958692312 50 5 50 5e-11
193 400 256 496 256 0 0
193 576 256 624 256 0 5
193 736 256 768 256 0 0
L 400 256 368 256 0 1 false 5 0
w 496 256 576 256 0
w 576 256 576 224 0
w 576 224 672 224 0
150 688 240 720 240 0 2 0 5
w 672 256 688 256 0
w 672 224 688 224 0
w 720 240 736 240 0
w 736 240 736 256 0
w 672 256 672 176 0
w 496 256 496 128 0
w 400 288 400 400 0
w 576 288 576 400 0
w 736 288 736 400 0
w 400 400 576 400 0
w 576 400 736 400 0
w 400 400 384 400 0
R 384 400 368 400 1 2 100 2.5 2.5 0 0.5
w 672 176 832 176 0
w 496 128 832 128 0
w 832 256 880 256 0
w 880 256 880 272 0
w 880 272 896 272 0
I 896 272 928 272 0 0.5 5
w 880 256 880 240 0
w 832 176 832 192 0
w 832 192 848 192 0
I 848 192 880 192 0 0.5 5
150 944 208 976 208 0 2 0 5
w 880 192 944 192 0
w 928 272 928 224 0
w 928 224 944 224 0
w 976 208 992 208 0
w 832 128 832 144 0
w 832 144 848 144 0
I 848 144 880 144 0 0.5 5
w 880 144 944 144 0
150 944 128 976 128 0 3 5 5
w 832 176 832 160 0
w 832 160 928 160 0
w 928 160 928 112 0
w 928 112 944 112 0
w 976 128 992 128 0
152 1008 160 1056 160 0 2 5 5
w 992 128 992 144 0
w 992 144 1008 144 0
w 992 208 992 176 0
w 992 176 1008 176 0
w 1056 160 1088 160 0
w 880 240 912 240 0
w 912 240 912 128 0
w 912 96 912 80 0
w 912 80 928 80 0
I 928 80 960 80 0 0.5 5
w 832 128 832 48 0
w 832 48 912 48 0
150 976 48 1024 48 0 3 0 5
w 960 80 960 64 0
w 960 64 976 64 0
w 912 48 976 48 0
w 672 176 672 32 0
w 672 32 976 32 0
w 1024 48 1072 48 0
w 912 80 912 0 0
w 912 0 1104 0 0
162 1120 96 1152 96 2 default-led 1 0 0 0.01
g 1152 96 1168 96 0 0
w 1072 48 1072 128 0
w 1072 128 1104 128 0
162 1120 128 1152 128 2 default-led 0.5 0.5 0 0.01
g 1152 128 1168 128 0 0
w 1104 128 1120 128 0
w 1104 0 1104 96 0
w 1104 160 1120 160 0
162 1120 160 1152 160 2 default-led 0 1 0 0.01
g 1152 160 1168 160 0 0
419 592 -112 672 -112 0 4
w 496 128 496 -16 0
w 496 -16 592 -16 0
w 672 32 560 32 0
w 560 32 560 -48 0
w 560 -48 592 -48 0
w 912 0 720 0 0
w 720 0 720 16 0
w 720 16 528 16 0
w 528 16 528 -80 0
w 528 -80 592 -80 0
I 912 128 944 128 0 0.5 5
w 912 128 912 96 0
w 1104 96 1120 96 0
w 1088 160 1104 160 0
