$ 1 0.000005 1.500424758475255 50 5 50 5e-11
x 6 365 95 368 4 24 OpCode
184 144 -240 192 -240 6144 2
w 176 32 176 0 0
184 352 -240 400 -240 6144 2
184 560 -240 608 -240 6144 2
184 768 -240 816 -240 6144 2
w 240 32 240 -16 0
w 112 -112 320 -112 0
L 48 288 48 320 0 0 false 5 0
L 64 288 64 320 0 0 false 5 0
L 160 256 160 320 0 0 false 5 0
L 192 256 192 320 0 0 false 5 0
L 176 256 176 320 0 0 false 5 0
L 208 256 208 320 0 0 false 5 0
x 177 362 193 365 4 24 A
L 304 256 304 320 0 0 false 5 0
L 272 256 272 320 0 0 false 5 0
L 288 256 288 320 0 0 false 5 0
L 256 256 256 320 0 0 false 5 0
x 268 363 284 366 4 24 B
w 176 256 176 208 0
w 304 256 352 256 0
w 208 256 208 240 0
w 192 256 192 224 0
w 64 288 64 -80 0
150 176 80 176 32 0 2 0 5
150 240 80 240 32 0 2 0 5
150 304 80 304 32 0 2 0 5
150 368 80 368 32 0 2 0 5
w 48 288 48 -64 0
w 64 -128 336 -128 0
w 336 -144 336 -208 0
w 336 -112 352 -112 0
w 352 -208 352 -240 0
w 352 -240 336 -240 0
w 48 -112 112 -112 0
w 240 -16 384 -16 0
w 304 32 304 0 0
w 304 0 592 0 0
w 368 32 368 16 0
w 368 16 800 16 0
w 352 -112 560 -112 0
w 560 -240 544 -240 0
w 336 -128 544 -128 0
w 544 -144 544 -208 0
w 560 -112 768 -112 0
w 768 -128 768 -240 0
w 768 -240 752 -240 0
w 752 -144 752 -208 0
w 752 -128 960 -128 0
w 976 -128 976 -240 0
w 976 -240 960 -240 0
w 768 -112 976 -112 0
w 960 -144 960 -208 0
152 432 80 432 32 0 2 0 5
152 496 80 496 32 0 2 0 5
152 560 80 560 32 0 2 0 5
152 624 80 624 32 0 2 0 5
w 432 32 432 -32 0
w 432 -32 208 -32 0
w 208 -32 208 -48 0
w 64 -80 64 -128 0
w 544 -128 544 -144 0
w 752 -128 752 -144 0
w 176 0 176 -144 0
w 384 -16 384 -144 0
w 592 0 592 -144 0
w 800 16 800 -144 0
w 208 -48 208 -144 0
w 496 32 496 -48 0
w 496 -48 416 -48 0
w 416 -48 416 -144 0
w 560 32 560 -16 0
w 560 -16 624 -16 0
w 624 -16 624 -144 0
w 624 32 624 0 0
w 624 0 832 0 0
w 832 0 832 -144 0
154 688 80 688 32 0 2 0 5
154 752 80 752 32 0 2 0 5
154 816 80 816 32 0 2 0 5
154 880 80 880 32 0 2 0 5
w 688 32 688 -48 0
w 768 -112 768 -128 0
w 976 -112 976 -128 0
w 960 -128 960 -144 0
w 352 -112 352 -208 0
w 336 -112 320 -112 0
w 48 -112 48 -64 0
w 336 -144 336 -128 0
w 688 -48 672 -48 0
w 576 -64 240 -64 0
w 240 -64 240 -144 0
w 752 32 752 -80 0
w 752 -80 448 -80 0
w 448 -80 448 -144 0
w 816 32 816 -32 0
w 816 -32 656 -32 0
w 656 -32 656 -144 0
w 880 32 880 16 0
w 880 16 864 16 0
w 864 16 864 -144 0
196 896 48 1040 48 6146 4
w 1088 16 1088 -96 0
w 1056 16 1056 -16 0
w 1024 16 1024 -48 0
w 576 -48 672 -48 0
w 1024 -48 1024 -64 0
w 992 16 992 -16 0
w 928 16 928 -48 0
w 928 -48 1008 -48 0
w 1008 -48 1008 -272 0
w 160 256 160 224 0
w 1152 240 1152 112 0
w 1152 240 1152 256 0
w 1072 240 1120 240 0
w 1120 224 1120 112 0
w 1120 224 1120 240 0
w 288 256 288 240 0
w 272 256 272 224 0
w 1088 224 1088 112 0
w 256 256 256 208 0
w 1056 208 1056 112 0
w 208 240 208 192 0
w 1024 192 1024 112 0
w 192 224 192 176 0
w 992 176 992 112 0
w 176 208 176 160 0
w 960 160 960 112 0
w 160 224 160 144 0
w 928 144 928 112 0
w 160 144 160 80 0
w 416 80 416 144 0
w 416 144 160 144 0
w 672 80 672 144 0
w 672 144 416 144 0
w 672 144 928 144 0
w 224 80 224 160 0
w 480 80 480 160 0
w 736 80 736 160 0
w 176 160 224 160 0
w 224 160 480 160 0
w 480 160 736 160 0
w 736 160 960 160 0
w 288 80 288 176 0
w 544 80 544 176 0
w 800 80 800 176 0
w 192 176 288 176 0
w 288 176 544 176 0
w 544 176 800 176 0
w 800 176 992 176 0
w 352 80 352 192 0
w 608 80 608 192 0
w 864 80 864 192 0
w 864 192 1024 192 0
w 864 192 608 192 0
w 608 192 352 192 0
w 352 192 208 192 0
w 256 208 256 128 0
w 256 128 192 128 0
w 192 128 192 80 0
w 272 224 272 112 0
w 272 112 256 112 0
w 256 112 256 80 0
w 448 80 448 208 0
w 704 80 704 208 0
w 256 208 448 208 0
w 448 208 704 208 0
w 704 208 1056 208 0
w 512 80 512 224 0
w 768 80 768 224 0
w 272 224 512 224 0
w 512 224 768 224 0
w 768 224 1088 224 0
w 320 80 320 240 0
w 576 80 576 240 0
w 832 80 832 240 0
w 832 240 1072 240 0
w 832 240 576 240 0
w 576 240 320 240 0
w 320 240 288 240 0
w 384 80 384 256 0
w 640 80 640 256 0
w 896 80 896 256 0
w 352 256 384 256 0
w 384 256 640 256 0
w 640 256 896 256 0
w 896 256 1152 256 0
419 -160 240 -112 240 4096 4
w 176 -272 -128 -272 0
w -128 208 -128 -272 0
w -96 208 -96 -288 0
w -96 -288 384 -288 0
w 384 -288 384 -272 0
w -64 208 -64 -304 0
w -64 -304 592 -304 0
w 592 -304 592 -272 0
w -32 208 -32 -320 0
w -32 -320 800 -320 0
w 800 -320 800 -272 0
w 1008 -272 1008 -336 0
w 1008 -336 -144 -336 0
w -144 -336 -160 -336 0
w -160 -336 -160 208 0
w 544 -128 560 -128 0
w 560 -128 752 -128 0
w 560 -240 560 -112 0
w 1088 -96 896 -96 0
w 896 -96 896 -144 0
w 1056 -16 1056 -80 0
w 1056 -80 768 -80 0
w 768 -80 768 -96 0
w 768 -96 688 -96 0
w 688 -96 688 -144 0
w 1024 -64 688 -64 0
w 576 -64 576 -48 0
w 688 -64 608 -64 0
w 608 -64 608 -96 0
w 608 -96 480 -96 0
w 480 -144 480 -96 0
w 992 -16 640 -16 0
w 640 -16 640 -32 0
w 640 -32 464 -32 0
w 464 -32 464 -96 0
w 464 -96 272 -96 0
w 272 -96 272 -144 0
w -160 208 -160 224 0
162 -160 224 -160 304 2 default-led 1 0 0 0.01
g -160 304 -160 320 0 0
x -211 355 -107 358 4 24 Carry\sOut
L 384 272 384 320 0 0 false 5 0
w 1184 112 1184 272 0
w 1184 272 384 272 0
x 349 356 434 359 4 24 Carry\sIn
